edvard:1262.1207791716254 4.5 4
jesper:1214.2783657047457 1.0 1
erling:1168.4736614622266 2.0 4
magnus:1221.4531027153523 2.5 3
frede :1178.505497603773 1.0 3
balder:1155.1685933422768 0.0 3
