edvard:1237.4869675994735 2.0 5
jesper:1203.5755311193523 0.0 0
erling:1199.1058645688443 3.0 5
magnus:1221.4531027153523 0.0 0
frede :1147.7069374331618 1.0 4
balder:1158.6696131778467 2.0 5
marius:1232.0019833859692 4.0 5
